      0/19     7.74G      7.72      80.4         0      88.1        10       512   0.00168      0.07   0.00105   0.00328      7.77      30.7         0
      1/19     7.74G      7.12      5.19         0      12.3         8       512         0         0  0.000919         0      7.28      2.09         0
      2/19     7.75G      6.74      1.81         0      8.55        18       512         0         0     0.014         0      6.53     0.987         0
      3/19     7.75G      6.19      1.93         0      8.12        13       512         0         0    0.0217         0      6.12      1.08         0
      4/19     7.75G      5.44      2.13         0      7.57        14       512         0         0    0.0202         0      6.15      1.21         0
      5/19     7.75G      5.27      1.83         0       7.1        11       512         1      0.01    0.0471    0.0198      5.67      1.21         0
      6/19     7.75G       4.6      2.22         0      6.82        16       512         1      0.01     0.123    0.0198      5.68      1.19         0
      7/19     7.75G      4.18      2.42         0       6.6        15       512         1      0.01      0.26    0.0198      5.12      1.16         0
      8/19     7.75G      4.53      1.88         0      6.41        12       512         1      0.01      0.35    0.0198      5.22      1.08         0
      9/19     7.75G       4.2      1.98         0      6.17        13       512         1      0.01     0.337    0.0198      5.22      1.02         0
     10/19     7.75G      4.06      1.88         0      5.94        14       512         1      0.01     0.305    0.0198         5     0.924         0
     11/19     7.75G       4.1      1.76         0      5.86        13       512         1      0.02      0.29    0.0392      5.17     0.844         0
     12/19     7.75G      4.04      1.67         0      5.71        12       512     0.971      0.13      0.33     0.229      4.69     0.717         0
     13/19     7.75G      4.16      1.38         0      5.54        14       512     0.756     0.186     0.325     0.298      4.63     0.662         0
     14/19     7.75G      3.78      1.43         0      5.21        12       512     0.598      0.27     0.313     0.372      4.18     0.606         0
     15/19     7.75G      3.22       1.2         0      4.42        14       512     0.572      0.31     0.351     0.402      4.33     0.575         0
     16/19     7.75G      3.54      1.12         0      4.66        15       512     0.562      0.34     0.372     0.424      4.22     0.547         0
     17/19     7.75G      3.25      1.15         0       4.4        16       512     0.524      0.35     0.389      0.42      4.01     0.533         0
     18/19     7.75G       3.2      1.02         0      4.22        16       512     0.577      0.35       0.4     0.436      4.27     0.513         0
     19/19     7.75G      3.41     0.935         0      4.34        11       512     0.562      0.35     0.409     0.431      4.19     0.505         0
